Number of key comparisons: 118377
Sorted Array Elements: 
6
14
24
31
31
33
48
59
76
76
89
96
104
112
115
115
116
118
121
123
128
131
142
143
145
146
149
151
153
154
170
198
201
218
223
233
238
246
263
279
283
292
296
298
324
331
334
346
354
370
394
403
411
418
418
422
426
429
442
459
470
481
487
495
495
496
499
503
518
520
527
527
534
538
540
551
561
562
567
568
578
579
584
585
588
592
605
611
614
617
620
623
643
660
671
675
686
699
706
708
716
722
722
733
734
752
759
761
766
779
781
784
817
818
831
832
840
865
869
882
884
887
901
904
910
923
923
961
983
984
985
1001
1012
1013
1027
1037
1045
1046
1053
1064
1065
1071
1073
1086
1090
1090
1096
1097
1100
1103
1110
1111
1113
1116
1117
1130
1133
1144
1152
1159
1166
1166
1171
1177
1179
1186
1191
1199
1213
1220
1221
1225
1259
1259
1268
1279
1291
1295
1308
1309
1318
1318
1321
1324
1324
1332
1335
1337
1338
1364
1379
1379
1386
1388
1397
1400
1419
1422
1424
1427
1434
1442
1443
1467
1471
1476
1491
1507
1517
1521
1523
1529
1530
1542
1544
1563
1569
1575
1576
1576
1581
1582
1586
1590
1590
1596
1597
1603
1609
1615
1631
1637
1639
1648
1650
1653
1653
1663
1675
1680
1684
1693
1699
1704
1707
1708
1714
1718
1719
1719
1723
1725
1738
1740
1753
1757
1767
1773
1775
1777
1780
1781
1788
1797
1798
1802
1804
1814
1817
1836
1839
1859
1862
1866
1873
1873
1873
1876
1893
1893
1902
1909
1920
1924
1939
1945
1954
1959
1962
1970
1978
1978
1991
1999
2008
2016
2019
2029
2030
2033
2038
2038
2042
2057
2068
2072
2077
2078
2078
2083
2086
2086
2087
2088
2094
2100
2102
2103
2107
2117
2119
2128
2134
2137
2163
2177
2203
2207
2209
2211
2218
2230
2233
2243
2249
2258
2260
2270
2275
2285
2288
2290
2296
2297
2299
2303
2309
2319
2320
2321
2332
2354
2357
2369
2379
2385
2391
2397
2417
2419
2424
2429
2453
2459
2463
2476
2497
2502
2505
2506
2507
2524
2525
2552
2552
2552
2555
2578
2582
2583
2612
2614
2619
2628
2671
2674
2675
2682
2685
2688
2692
2693
2695
2696
2705
2712
2716
2730
2733
2735
2742
2748
2761
2763
2768
2775
2782
2786
2787
2789
2790
2791
2792
2799
2805
2821
2823
2830
2833
2850
2857
2858
2859
2860
2869
2876
2879
2891
2898
2910
2914
2932
2940
2951
2954
2960
2969
2974
2975
2981
2982
2982
2993
2994
2997
3006
3010
3012
3018
3037
3040
3042
3043
3045
3058
3062
3066
3067
3074
3080
3081
3095
3098
3103
3104
3131
3166
3168
3170
3171
3184
3214
3217
3219
3229
3235
3239
3247
3253
3256
3259
3267
3269
3273
3278
3290
3290
3307
3308
3312
3314
3335
3339
3348
3348
3349
3352
3354
3369
3371
3378
3391
3395
3397
3397
3402
3402
3404
3406
3418
3424
3438
3458
3460
3463
3478
3489
3494
3496
3500
3520
3527
3530
3536
3541
3546
3555
3556
3579
3585
3586
3588
3589
3597
3597
3601
3603
3612
3616
3617
3617
3621
3631
3642
3650
3657
3665
3677
3677
3678
3681
3710
3710
3710
3711
3712
3716
3717
3718
3721
3731
3733
3747
3765
3769
3771
3772
3774
3776
3778
3795
3803
3812
3820
3825
3836
3837
3839
3848
3861
3872
3875
3876
3883
3890
3891
3892
3897
3900
3900
3901
3902
3917
3921
3924
3927
3934
3934
3944
3948
3948
3951
3957
3958
3962
3973
3973
3979
3980
3982
3990
3991
3992
4001
4002
4008
4021
4032
4037
4043
4049
4052
4060
4070
4072
4084
4095
4102
4106
4123
4124
4143
4145
4151
4155
4155
4158
4159
4164
4165
4175
4183
4193
4195
4195
4202
4202
4206
4208
4226
4233
4241
4248
4260
4261
4266
4281
4289
4294
4311
4311
4320
4320
4326
4334
4335
4336
4338
4347
4357
4361
4362
4363
4370
4370
4374
4375
4382
4384
4392
4395
4399
4399
4403
4404
4404
4424
4430
4440
4442
4442
4442
4449
4451
4453
4465
4469
4469
4478
4483
4485
4493
4494
4508
4510
4514
4516
4521
4521
4525
4528
4536
4561
4572
4574
4580
4598
4606
4608
4617
4622
4623
4630
4634
4637
4648
4664
4667
4673
4680
4680
4682
4685
4688
4702
4713
4719
4723
4724
4726
4728
4730
4732
4745
4747
4751
4752
4753
4762
4763
4773
4787
4794
4795
4808
4811
4813
4827
4830
4831
4835
4844
4852
4857
4874
4876
4880
4880
4896
4900
4904
4906
4920
4925
4937
4939
4943
4953
4954
4958
4962
4965
4980
4992
5003
5003
5004
5013
5016
5017
5022
5027
5062
5079
5082
5091
5096
5103
5106
5111
5116
5118
5126
5152
5161
5167
5192
5208
5211
5223
5224
5230
5232
5237
5242
5244
5250
5251
5263
5275
5277
5296
5304
5307
5308
5315
5325
5332
5334
5339
5369
5369
5375
5377
5380
5383
5400
5411
5429
5430
5437
5445
5452
5464
5478
5483
5499
5502
5506
5507
5511
5534
5543
5544
5546
5548
5555
5560
5563
5576
5582
5582
5592
5603
5616
5623
5629
5637
5646
5658
5677
5690
5692
5693
5695
5698
5700
5700
5701
5705
5711
5719
5720
5722
5741
5748
5755
5761
5762
5763
5765
5767
5778
5780
5798
5803
5810
5815
5819
5824
5833
5833
5838
5854
5871
5873
5878
5883
5895
5902
5905
5906
5908
5915
5915
5923
5923
5924
5931
5935
5947
5967
5979
5985
5988
5993
5999
6007
6028
6033
6034
6061
6068
6078
6078
6082
6094
6100
6102
6102
6104
6109
6134
6148
6149
6164
6170
6174
6175
6177
6180
6186
6189
6204
6210
6213
6213
6213
6215
6216
6216
6228
6230
6248
6263
6264
6268
6279
6281
6308
6314
6327
6331
6333
6345
6365
6368
6370
6381
6386
6406
6412
6419
6424
6433
6448
6466
6497
6498
6503
6506
6513
6515
6519
6520
6538
6543
6548
6552
6555
6566
6567
6568
6569
6571
6572
6574
6588
6589
6594
6597
6616
6618
6635
6635
6641
6648
6654
6658
6658
6672
6694
6695
6701
6701
6710
6717
6726
6740
6749
6750
6754
6760
6770
6789
6802
6803
6806
6808
6811
6812
6818
6818
6818
6820
6832
6832
6833
6834
6836
6838
6838
6839
6845
6846
6846
6849
6853
6860
6862
6867
6869
6871
6909
6918
6927
6927
6930
6934
6938
6945
6945
6952
6969
6969
6972
6982
6985
6985
7006
7016
7019
7022
7025
7034
7041
7059
7084
7084
7103
7103
7109
7135
7149
7151
7156
7160
7171
7172
7178
7192
7204
7204
7212
7220
7226
7236
7249
7267
7273
7275
7275
7283
7283
7284
7285
7288
7293
7306
7312
7318
7319
7324
7344
7348
7356
7394
7400
7406
7409
7421
7423
7433
7443
7444
7464
7474
7476
7476
7483
7484
7490
7490
7498
7502
7507
7510
7519
7523
7531
7533
7538
7548
7550
7564
7564
7564
7571
7572
7574
7582
7583
7600
7609
7610
7620
7623
7625
7626
7628
7634
7637
7653
7656
7657
7657
7660
7671
7674
7676
7679
7684
7684
7695
7695
7719
7723
7723
7729
7731
7740
7743
7756
7756
7759
7761
7767
7771
7775
7785
7787
7790
7790
7800
7805
7817
7845
7860
7870
7878
7885
7888
7889
7891
7922
7925
7927
7928
7931
7932
7935
7940
7950
7955
7969
7969
7995
7996
8000
8004
8010
8016
8022
8022
8022
8025
8029
8041
8042
8055
8058
8063
8063
8071
8071
8080
8081
8100
8101
8104
8106
8107
8121
8133
8147
8148
8160
8172
8173
8190
8196
8213
8220
8231
8231
8245
8255
8263
8267
8289
8291
8297
8299
8310
8328
8333
8349
8351
8361
8362
8364
8367
8388
8395
8401
8421
8423
8429
8437
8437
8446
8455
8455
8456
8471
8474
8479
8493
8493
8497
8504
8527
8543
8544
8566
8569
8573
8581
8610
8615
8618
8622
8626
8632
8634
8635
8639
8651
8652
8652
8652
8656
8665
8671
8678
8686
8689
8693
8699
8706
8723
8755
8771
8780
8782
8784
8790
8793
8798
8805
8806
8806
8812
8829
8835
8856
8860
8892
8892
8932
8933
8935
8944
8950
8953
8962
8964
8967
8970
8976
8978
8981
8981
8993
8994
9006
9013
9019
9026
9028
9029
9031
9033
9038
9038
9041
9054
9054
9063
9064
9065
9069
9075
9078
9082
9083
9088
9092
9097
9097
9112
9114
9130
9134
9143
9143
9151
9164
9168
9176
9179
9182
9215
9223
9228
9242
9246
9251
9253
9256
9259
9263
9267
9267
9269
9279
9284
9288
9327
9328
9335
9341
9352
9366
9371
9381
9382
9388
9418
9421
9424
9427
9429
9437
9437
9453
9470
9472
9492
9493
9497
9505
9507
9511
9519
9523
9539
9543
9547
9552
9559
9572
9575
9592
9601
9609
9612
9615
9619
9627
9635
9635
9638
9652
9653
9663
9664
9664
9670
9671
9678
9683
9690
9694
9699
9701
9701
9708
9710
9712
9745
9747
9753
9779
9787
9791
9800
9802
9802
9807
9807
9818
9821
9825
9832
9832
9833
9836
9838
9838
9842
9850
9854
9858
9864
9874
9883
9883
9887
9888
9890
9905
9916
9923
9934
9939
9940
9945
9949
9952
9954
9959
9980
9983
9987
9998
10005
10006
10013
10014
10015
10027
10027
10048
10064
10077
10106
10124
10141
10146
10148
10154
10154
10154
10161
10164
10173
10175
10178
10179
10190
10193
10193
10195
10199
10212
10223
10243
10247
10250
10265
10274
10274
10277
10281
10284
10284
10290
10292
10294
10296
10307
10314
10321
10329
10342
10347
10354
10357
10364
10366
10366
10372
10375
10406
10423
10428
10449
10452
10455
10456
10457
10465
10466
10473
10473
10479
10484
10486
10499
10505
10522
10558
10560
10561
10571
10575
10582
10599
10603
10621
10621
10623
10627
10629
10656
10663
10664
10668
10681
10683
10683
10685
10687
10692
10692
10696
10713
10728
10729
10735
10741
10741
10741
10745
10752
10753
10775
10780
10781
10785
10786
10797
10805
10809
10812
10812
10816
10824
10826
10832
10836
10845
10854
10854
10856
10859
10860
10867
10868
10893
10901
10912
10918
10920
10937
10942
10948
10953
10975
11010
11014
11018
11025
11032
11049
11051
11055
11067
11071
11072
11081
11083
11097
11097
11107
11107
11124
11126
11153
11157
11158
11167
11190
11199
11200
11208
11213
11237
11238
11247
11248
11248
11250
11270
11286
11320
11342
11348
11356
11356
11356
11358
11363
11365
11370
11380
11393
11407
11412
11413
11419
11421
11424
11425
11426
11430
11431
11434
11440
11443
11445
11446
11450
11450
11453
11469
11471
11481
11494
11495
11499
11502
11513
11516
11532
11571
11587
11591
11592
11597
11617
11625
11640
11654
11658
11674
11680
11684
11689
11691
11696
11697
11703
11706
11711
11727
11729
11743
11769
11781
11784
11787
11791
11795
11796
11808
11811
11830
11840
11843
11844
11850
11862
11862
11872
11873
11898
11914
11915
11922
11924
11939
11943
11954
11961
11968
11975
11987
11988
11990
12001
12014
12018
12020
12021
12021
12021
12029
12050
12065
12078
12079
12085
12095
12145
12148
12149
12150
12154
12156
12157
12165
12166
12168
12181
12193
12201
12201
12202
12215
12230
12236
12238
12255
12262
12267
12269
12274
12277
12280
12284
12292
12294
12296
12309
12311
12318
12319
12329
12344
12360
12372
12373
12375
12378
12381
12389
12395
12397
12404
12408
12409
12417
12422
12433
12441
12441
12441
12442
12443
12444
12446
12446
12460
12460
12463
12468
12478
12502
12505
12507
12511
12524
12526
12529
12529
12532
12549
12562
12566
12570
12572
12588
12590
12604
12607
12607
12615
12629
12640
12640
12644
12646
12652
12662
12663
12673
12681
12688
12690
12695
12696
12702
12705
12720
12731
12735
12738
12750
12755
12768
12770
12774
12778
12782
12786
12794
12801
12802
12803
12806
12811
12816
12827
12844
12844
12847
12857
12857
12866
12871
12878
12895
12896
12902
12922
12925
12933
12956
12967
12967
12973
12973
12984
12993
13006
13008
13038
13051
13056
13059
13064
13068
13070
13076
13077
13081
13095
13098
13099
13103
13104
13108
13109
13117
13120
13128
13132
13133
13135
13145
13150
13158
13161
13171
13172
13186
13191
13191
13198
13201
13202
13218
13219
13229
13231
13255
13263
13263
13270
13276
13279
13288
13293
13293
13302
13305
13317
13331
13346
13347
13361
13372
13375
13375
13380
13384
13387
13400
13411
13417
13419
13427
13439
13444
13444
13447
13453
13466
13469
13473
13486
13491
13495
13497
13505
13511
13525
13531
13531
13532
13539
13540
13551
13555
13559
13567
13568
13573
13576
13583
13605
13620
13625
13627
13651
13664
13666
13670
13673
13674
13676
13678
13678
13682
13690
13701
13712
13723
13730
13732
13734
13745
13751
13758
13760
13771
13774
13786
13789
13792
13807
13815
13823
13825
13825
13825
13837
13843
13854
13865
13871
13872
13876
13882
13884
13889
13898
13905
13905
13915
13915
13923
13927
13946
13951
13959
13973
13982
14002
14004
14012
14021
14022
14022
14023
14030
14034
14034
14056
14061
14066
14069
14071
14091
14099
14112
14116
14127
14140
14147
14152
14155
14157
14162
14194
14196
14200
14206
14238
14239
14251
14251
14257
14259
14260
14261
14273
14291
14301
14303
14314
14316
14325
14326
14333
14335
14346
14354
14357
14360
14361
14371
14379
14381
14390
14394
14395
14398
14399
14407
14417
14430
14432
14435
14445
14452
14453
14466
14468
14472
14473
14479
14489
14500
14519
14520
14521
14522
14525
14527
14539
14542
14542
14555
14572
14586
14593
14605
14605
14606
14606
14609
14609
14612
14623
14628
14629
14633
14641
14643
14647
14662
14666
14668
14668
14677
14687
14688
14690
14694
14695
14717
14717
14728
14739
14740
14777
14794
14805
14808
14825
14825
14834
14860
14868
14877
14878
14879
14883
14891
14914
14917
14923
14923
14925
14932
14937
14948
14949
14951
14956
14960
14961
14962
14964
14965
14987
14996
14997
15009
15014
15016
15020
15025
15029
15033
15044
15048
15060
15072
15074
15076
15086
15089
15093
15097
15101
15105
15117
15122
15129
15143
15145
15154
15167
15175
15190
15193
15194
15197
15201
15202
15203
15206
15206
15212
15216
15221
15230
15236
15241
15249
15251
15260
15271
15281
15293
15293
15295
15304
15311
15312
15321
15322
15325
15327
15331
15331
15334
15340
15341
15347
15348
15366
15366
15369
15375
15381
15387
15390
15398
15403
15407
15416
15434
15437
15437
15456
15460
15462
15474
15476
15478
15483
15488
15494
15498
15502
15505
15506
15508
15516
15518
15530
15538
15538
15542
15544
15546
15547
15551
15552
15560
15567
15571
15577
15589
15590
15591
15595
15601
15619
15645
15650
15664
15684
15698
15698
15703
15705
15710
15714
15727
15746
15761
15764
15776
15777
15792
15812
15818
15819
15820
15823
15823
15830
15831
15843
15855
15859
15866
15871
15873
15879
15881
15885
15890
15892
15895
15900
15911
15914
15914
15925
15935
15941
15946
15954
15955
15975
15978
15980
15999
16002
16006
16013
16016
16018
16028
16029
16031
16034
16038
16049
16055
16056
16064
16064
16065
16074
16076
16088
16090
16093
16111
16115
16118
16122
16127
16128
16132
16137
16140
16161
16193
16214
16214
16220
16221
16236
16246
16248
16248
16252
16269
16269
16289
16294
16310
16320
16361
16395
16398
16405
16413
16417
16438
16443
16446
16449
16454
16464
16465
16480
16480
16480
16489
16499
16505
16509
16538
16543
16564
16568
16576
16595
16598
16603
16608
16612
16615
16620
16624
16630
16632
16632
16635
16637
16641
16655
16664
16673
16695
16696
16707
16710
16719
16743
16756
16766
16802
16813
16845
16845
16872
16885
16890
16898
16898
16908
16910
16912
16928
16928
16930
16931
16938
16951
16952
16956
16957
16965
16976
16983
16992
16993
16994
17000
17011
17013
17024
17035
17041
17048
17050
17062
17086
17094
17108
17108
17108
17116
17123
17137
17139
17144
17147
17153
17154
17158
17165
17178
17182
17189
17199
17215
17216
17224
17225
17227
17231
17246
17276
17282
17292
17301
17302
17309
17327
17337
17368
17372
17375
17381
17384
17405
17410
17426
17433
17434
17440
17446
17456
17460
17462
17472
17474
17479
17481
17495
17495
17511
17512
17516
17521
17524
17531
17546
17550
17556
17565
17566
17566
17570
17570
17577
17580
17585
17587
17596
17604
17607
17616
17631
17644
17647
17666
17667
17668
17668
17670
17670
17673
17676
17682
17702
17709
17715
17741
17744
17746
17746
17755
17765
17785
17788
17792
17793
17803
17805
17808
17813
17828
17838
17847
17848
17849
17853
17856
17860
17865
17866
17880
17882
17886
17891
17892
17897
17898
17900
17920
17939
17939
17944
17950
17955
17965
17967
17991
17992
18012
18014
18053
18064
18066
18068
18082
18083
18089
18098
18100
18102
18112
18120
18121
18124
18133
18137
18156
18181
18181
18202
18202
18204
18215
18223
18227
18231
18241
18258
18261
18263
18263
18273
18278
18283
18287
18293
18300
18301
18303
18307
18308
18316
18321
18324
18340
18346
18348
18349
18352
18357
18366
18374
18376
18380
18381
18381
18383
18386
18421
18426
18427
18444
18444
18459
18462
18479
18479
18483
18494
18505
18507
18509
18512
18525
18525
18539
18549
18568
18570
18584
18588
18616
18630
18634
18638
18647
18651
18675
18675
18678
18679
18681
18697
18713
18717
18723
18735
18741
18749
18755
18765
18766
18769
18772
18772
18780
18784
18785
18800
18805
18809
18812
18818
18838
18842
18843
18843
18854
18855
18856
18857
18879
18886
18888
18912
18921
18928
18935
18942
18950
18961
18968
18973
18977
18979
18990
18993
18994
18998
19004
19012
19015
19017
19034
19043
19081
19084
19093
19097
19098
19100
19101
19102
19110
19112
19113
19118
19120
19129
19134
19140
19143
19144
19147
19151
19151
19158
19160
19176
19181
19184
19185
19205
19211
19223
19232
19233
19235
19239
19245
19253
19256
19258
19262
19263
19263
19266
19270
19271
19271
19272
19273
19276
19277
19297
19298
19298
19301
19304
19307
19317
19321
19324
19336
19344
19351
19351
19372
19377
19388
19392
19400
19407
19418
19424
19426
19426
19428
19440
19458
19464
19471
19479
19487
19487
19487
19510
19516
19535
19536
19538
19544
19546
19554
19556
19570
19571
19573
19574
19580
19605
19606
19611
19614
19621
19630
19633
19635
19637
19640
19654
19666
19672
19672
19673
19685
19685
19685
19696
19698
19701
19702
19727
19733
19745
19755
19758
19760
19776
19787
19789
19790
19791
19799
19800
19800
19815
19820
19826
19831
19847
19864
19864
19867
19874
19881
19883
19885
19892
19894
19899
19909
19924
19930
19931
19934
19948
19948
19965
19965
19965
19968
19974
19979
19984
19998
20012
20028
20028
20045
20052
20065
20066
20082
20096
20097
20108
20110
20118
20119
20125
20148
20152
20153
20173
20177
20189
20194
20195
20203
20210
20211
20216
20235
20247
20247
20249
20256
20260
20262
20276
20284
20287
20288
20289
20294
20296
20298
20308
20312
20321
20321
20326
20330
20335
20336
20340
20341
20361
20362
20369
20374
20374
20385
20390
20391
20392
20396
20397
20416
20416
20418
20422
20429
20435
20443
20456
20456
20461
20471
20472
20473
20482
20482
20486
20489
20501
20516
20517
20521
20521
20529
20531
20535
20536
20542
20545
20558
20564
20578
20581
20605
20606
20616
20628
20629
20638
20645
20654
20666
20674
20681
20692
20699
20711
20713
20727
20735
20740
20741
20749
20757
20758
20760
20764
20768
20780
20785
20789
20803
20809
20812
20818
20821
20826
20834
20844
20855
20858
20861
20862
20864
20867
20868
20868
20901
20903
20904
20905
20915
20916
20916
20921
20947
20973
20983
20984
20990
20994
21006
21026
21027
21028
21039
21048
21052
21054
21067
21076
21091
21099
21105
21109
21109
21116
21119
21122
21125
21127
21130
21135
21143
21144
21153
21163
21176
21184
21186
21208
21222
21222
21222
21229
21231
21234
21245
21246
21250
21253
21255
21261
21273
21277
21284
21285
21291
21294
21298
21309
21314
21327
21338
21342
21349
21363
21372
21373
21375
21377
21388
21391
21392
21398
21399
21401
21403
21407
21432
21437
21441
21441
21441
21443
21444
21458
21467
21469
21471
21473
21479
21480
21485
21494
21503
21504
21521
21535
21536
21538
21540
21544
21556
21568
21571
21580
21623
21628
21640
21651
21654
21659
21664
21673
21673
21694
21704
21705
21710
21713
21739
21753
21754
21765
21766
21776
21776
21777
21779
21786
21789
21790
21798
21803
21805
21813
21813
21814
21816
21819
21824
21838
21848
21848
21861
21865
21868
21874
21901
21906
21926
21927
21937
21950
21952
21956
21967
21969
21971
21979
21986
21989
22004
22005
22010
22013
22032
22037
22042
22042
22043
22044
22045
22047
22049
22058
22077
22078
22091
22094
22099
22106
22107
22108
22117
22120
22125
22131
22131
22142
22154
22160
22167
22170
22173
22192
22193
22203
22224
22224
22241
22245
22247
22254
22280
22283
22288
22288
22290
22296
22298
22301
22303
22304
22304
22318
22332
22339
22345
22347
22355
22360
22368
22381
22390
22398
22406
22422
22423
22428
22428
22454
22462
22463
22466
22470
22472
22479
22494
22503
22504
22508
22509
22514
22516
22520
22531
22531
22537
22537
22547
22551
22559
22583
22591
22591
22615
22623
22623
22627
22633
22638
22648
22684
22689
22697
22702
22704
22707
22709
22711
22720
22728
22736
22739
22752
22769
22779
22790
22793
22818
22827
22842
22850
22851
22864
22869
22874
22885
22906
22906
22907
22914
22922
22924
22931
22935
22940
22941
22943
22943
22947
22948
22950
22951
22957
22961
22963
22964
22977
22995
22997
23000
23008
23017
23025
23032
23039
23041
23047
23057
23065
23093
23110
23112
23112
23118
23120
23122
23126
23127
23127
23130
23132
23136
23143
23150
23157
23183
23200
23215
23226
23233
23234
23237
23240
23243
23244
23246
23258
23261
23276
23280
23284
23289
23306
23314
23315
23317
23324
23341
23342
23343
23375
23382
23387
23388
23390
23405
23417
23419
23424
23425
23430
23446
23451
23453
23462
23464
23467
23469
23474
23481
23501
23511
23520
23523
23524
23526
23531
23531
23539
23541
23542
23558
23575
23589
23589
23596
23607
23609
23609
23614
23617
23621
23628
23635
23641
23641
23648
23651
23653
23655
23665
23677
23682
23683
23686
23693
23708
23715
23720
23721
23731
23732
23734
23737
23744
23746
23749
23752
23757
23761
23770
23777
23780
23782
23782
23783
23784
23790
23791
23792
23792
23796
23796
23813
23813
23814
23822
23825
23834
23834
23836
23837
23841
23843
23844
23844
23850
23852
23853
23854
23868
23878
23881
23888
23890
23914
23925
23937
23941
23943
23970
23974
23980
23983
23988
24002
24009
24010
24010
24014
24023
24041
24041
24043
24052
24054
24071
24084
24088
24092
24099
24114
24116
24129
24137
24157
24162
24171
24180
24181
24197
24202
24207
24237
24238
24251
24259
24261
24266
24266
24270
24278
24278
24306
24312
24315
24318
24329
24339
24342
24343
24345
24361
24361
24363
24369
24376
24376
24380
24386
24389
24417
24422
24424
24424
24424
24432
24433
24434
24439
24442
24445
24456
24456
24463
24476
24479
24483
24488
24493
24497
24517
24523
24528
24535
24536
24551
24553
24554
24555
24560
24562
24562
24573
24584
24604
24621
24629
24635
24636
24637
24638
24642
24649
24650
24652
24657
24660
24662
24668
24675
24686
24689
24692
24703
24706
24712
24726
24732
24738
24741
24741
24744
24747
24762
24768
24772
24774
24777
24785
24787
24789
24792
24795
24808
24815
24815
24816
24816
24822
24822
24832
24838
24839
24852
24863
24869
24879
24888
24889
24897
24906
24911
24914
24919
24922
24935
24942
24942
24948
24951
24953
24982
24984
24985
24989
24990
24993
24997
25000
25003
25004
25012
25013
25013
25020
25022
25022
25038
25043
25053
25055
25059
25069
25077
25093
25108
25109
25112
25115
25138
25140
25143
25149
25150
25151
25153
25165
25172
25190
25193
25197
25204
25216
25224
25227
25230
25238
25248
25257
25258
25262
25268
25280
25290
25300
25301
25302
25303
25316
25320
25326
25327
25329
25332
25337
25337
25339
25341
25345
25345
25349
25368
25369
25369
25369
25397
25399
25402
25404
25419
25419
25424
25424
25430
25430
25431
25435
25436
25442
25442
25453
25454
25457
25458
25462
25468
25471
25471
25486
25489
25493
25494
25510
25514
25520
25524
25524
25529
25554
25555
25570
25572
25589
25589
25601
25603
25604
25608
25614
25656
25657
25661
25677
25683
25685
25685
25692
25693
25693
25700
25701
25728
25729
25729
25766
25771
25773
25806
25821
25824
25836
25839
25847
25850
25862
25872
25876
25876
25885
25892
25892
25894
25907
25940
25944
25946
25951
25955
25955
25959
25959
25970
25972
25973
25985
25986
25989
25990
25990
25996
25998
26001
26006
26007
26016
26020
26032
26037
26051
26051
26083
26087
26089
26093
26106
26109
26116
26133
26133
26134
26157
26160
26172
26176
26178
26183
26188
26189
26193
26200
26203
26205
26206
26208
26212
26215
26231
26245
26249
26252
26281
26286
26288
26296
26297
26304
26305
26308
26310
26318
26320
26330
26336
26337
26342
26347
26361
26371
26372
26390
26392
26393
26396
26399
26414
26415
26424
26431
26433
26435
26436
26440
26442
26447
26447
26449
26460
26464
26465
26467
26486
26488
26507
26509
26511
26516
26526
26532
26549
26568
26581
26584
26592
26597
26598
26606
26610
26611
26617
26624
26626
26630
26630
26645
26646
26647
26656
26669
26677
26689
26689
26701
26706
26715
26720
26720
26723
26729
26737
26741
26744
26751
26753
26753
26760
26761
26766
26768
26782
26783
26785
26793
26803
26819
26841
26858
26861
26866
26869
26876
26882
26890
26897
26898
26898
26901
26908
26909
26918
26920
26929
26934
26936
26938
26955
26958
26964
26965
26971
26978
26987
26987
27008
27012
27014
27025
27028
27030
27033
27042
27047
27050
27054
27059
27075
27081
27096
27111
27112
27126
27171
27173
27176
27188
27188
27191
27209
27221
27225
27231
27233
27236
27238
27239
27239
27242
27252
27259
27276
27277
27280
27289
27298
27298
27309
27321
27325
27326
27352
27355
27357
27365
27367
27373
27374
27379
27380
27392
27396
27398
27405
27411
27412
27418
27419
27419
27421
27431
27433
27436
27444
27463
27473
27473
27503
27523
27539
27549
27560
27577
27584
27587
27598
27598
27631
27633
27641
27645
27662
27666
27668
27685
27690
27693
27715
27719
27726
27734
27737
27743
27749
27751
27753
27754
27759
27764
27774
27791
27792
27796
27799
27808
27823
27827
27828
27831
27847
27852
27853
27854
27855
27859
27860
27863
27877
27877
27884
27891
27899
27905
27906
27921
27921
27922
27927
27932
27934
27938
27940
27945
27953
27958
28006
28011
28020
28025
28029
28031
28035
28036
28042
28046
28063
28070
28073
28081
28083
28089
28089
28094
28097
28105
28112
28124
28126
28132
28144
28159
28160
28168
28168
28214
28237
28238
28238
28247
28250
28253
28259
28261
28261
28262
28265
28265
28283
28288
28303
28306
28306
28309
28310
28311
28323
28324
28327
28328
28329
28332
28332
28340
28351
28371
28387
28391
28392
28395
28399
28404
28419
28420
28432
28434
28440
28447
28468
28485
28488
28495
28500
28508
28508
28508
28508
28516
28518
28519
28523
28551
28553
28565
28566
28576
28576
28579
28600
28607
28611
28618
28621
28621
28637
28659
28664
28665
28667
28669
28670
28671
28683
28686
28697
28702
28712
28712
28713
28717
28728
28741
28742
28746
28751
28760
28765
28773
28774
28781
28802
28811
28812
28817
28820
28833
28833
28837
28844
28849
28854
28867
28877
28881
28884
28889
28899
28902
28905
28908
28912
28912
28913
28917
28922
28923
28929
28932
28934
28944
28946
28950
28950
28951
28961
28967
28979
28983
28984
28985
28997
29002
29002
29003
29004
29012
29014
29024
29024
29030
29041
29054
29064
29066
29082
29088
29089
29104
29111
29113
29116
29119
29136
29168
29175
29178
29178
29180
29191
29197
29197
29205
29218
29225
29235
29236
29248
29261
29282
29283
29285
29291
29293
29293
29296
29311
29318
29349
29357
29362
29363
29367
29372
29379
29383
29387
29395
29398
29402
29411
29421
29434
29437
29439
29442
29442
29443
29454
29458
29472
29481
29484
29490
29496
29503
29504
29504
29512
29515
29526
29534
29538
29543
29546
29547
29550
29551
29555
29559
29560
29573
29573
29582
29586
29586
29590
29590
29592
29604
29609
29619
29629
29636
29637
29646
29648
29651
29653
29654
29657
29661
29665
29668
29675
29676
29677
29680
29681
29690
29697
29700
29708
29720
29721
29736
29738
29739
29747
29747
29767
29768
29772
29777
29778
29780
29784
29786
29791
29794
29806
29811
29819
29825
29825
29835
29839
29841
29843
29845
29849
29859
29863
29864
29880
29885
29887
29902
29904
29910
29911
29914
29919
29928
29942
29945
29974
29989
29991
30008
30018
30019
30029
30038
30052
30061
30063
30075
30113
30113
30114
30118
30118
30136
30165
30178
30184
30185
30185
30195
30198
30211
30218
30219
30226
30233
30236
30240
30251
30270
30273
30277
30283
30283
30284
30286
30291
30292
30310
30314
30316
30325
30325
30334
30345
30347
30351
30370
30371
30371
30377
30385
30388
30393
30394
30395
30401
30403
30406
30414
30418
30426
30435
30436
30453
30454
30458
30459
30460
30467
30468
30475
30478
30486
30504
30519
30520
30525
30536
30552
30565
30571
30575
30579
30604
30627
30629
30638
30646
30663
30665
30673
30683
30685
30693
30703
30704
30705
30718
30723
30735
30737
30738
30741
30746
30765
30792
30793
30810
30812
30812
30816
30818
30840
30850
30850
30865
30881
30881
30887
30887
30894
30895
30895
30915
30926
30929
30937
30941
30948
30949
30954
30956
30964
30966
30966
30972
30977
30977
30978
30986
30990
30991
31002
31020
31038
31044
31047
31054
31055
31096
31096
31114
31116
31126
31126
31136
31145
31149
31150
31165
31170
31177
31178
31193
31194
31199
31201
31208
31209
31223
31232
31235
31237
31243
31245
31248
31252
31263
31276
31277
31282
31307
31314
31325
31329
31330
31337
31340
31346
31348
31357
31363
31366
31370
31372
31375
31377
31382
31382
31385
31389
31395
31396
31397
31399
31399
31407
31410
31418
31422
31422
31435
31443
31447
31458
31459
31461
31488
31488
31497
31501
31502
31510
31519
31569
31575
31579
31584
31599
31600
31601
31626
31641
31654
31661
31674
31683
31690
31721
31722
31729
31733
31734
31734
31737
31749
31751
31752
31752
31753
31759
31765
31765
31785
31786
31793
31796
31798
31801
31806
31810
31817
31820
31821
31834
31846
31847
31850
31854
31861
31884
31891
31892
31917
31919
31925
31940
31955
31959
31960
31963
31983
31991
31997
32001
32011
32024
32027
32031
32034
32047
32062
32065
32069
32081
32089
32101
32110
32114
32116
32128
32132
32135
32143
32149
32151
32154
32154
32155
32157
32176
32187
32187
32198
32210
32218
32220
32221
32224
32238
32246
32253
32254
32260
32265
32266
32292
32293
32311
32321
32331
32331
32332
32339
32339
32347
32353
32365
32382
32388
32395
32397
32400
32403
32409
32409
32420
32421
32425
32437
32441
32447
32456
32462
32466
32471
32476
32483
32486
32496
32497
32498
32498
32501
32506
32506
32509
32514
32519
32523
32535
32542
32542
32544
32546
32560
32560
32562
32565
32571
32585
32594
32595
32607
32607
32622
32629
32632
32633
32644
32645
32667
32670
32671
32673
32681
32685
32691
32696
32698
32699
32700
32704
32707
32713
32715
32716
32722
32732
32739
32748
32751
32751
32752
32752
32757
32760
